100
21 51 357
72 87 2088
51 50 850
78 46 1196
81 12 324
45 60 900
9 33 99
87 44 1276
60 70 1400
12 73 292
24 33 264
72 79 1896
30 43 430
30 35 350
27 84 756
42 36 504
51 8 136
12 54 216
81 32 864
66 15 330
27 89 801
66 27 594
18 38 228
24 15 120
63 37 777
36 62 744
87 35 1015
75 40 1000
51 80 1360
78 22 572
15 9 45
63 60 1260
96 87 2784
27 74 666
39 17 221
30 11 110
51 6 102
48 52 832
39 35 455
81 17 459
9 94 282
21 8 56
96 32 1024
9 24 72
9 10 30
78 89 2314
51 23 391
30 12 120
90 25 750
81 29 783
36 70 840
39 8 104
57 71 1349
18 4 24
87 89 2581
81 53 1431
51 59 1003
54 15 270
57 46 874
57 72 1368
93 72 2232
30 16 160
84 80 2240
12 72 288
51 57 969
57 53 1007
48 90 1440
42 14 196
72 42 1008
81 11 297
42 49 686
51 18 306
99 62 2046
45 66 990
36 22 264
12 33 132
75 14 350
90 49 1470
93 27 837
21 31 217
87 21 609
90 92 2760
69 55 1265
9 83 249
57 66 1254
72 92 2208
60 95 1900
18 62 372
96 85 2720
87 26 754
81 19 513
93 15 465
15 73 365
15 8 40
18 71 426
6 66 132
72 62 1488
36 36 432
30 48 480
84 77 2156
