100
21 7 49
9 9 27
30 35 350
39 13 169
39 25 325
18 30 180
18 26 156
39 33 429
12 30 120
36 5 60
24 8 64
24 9 72
9 33 99
6 38 76
30 4 40
18 24 144
39 5 65
39 14 182
9 26 78
9 32 96
21 16 112
39 35 455
24 35 280
30 18 180
21 13 91
6 31 62
12 28 112
15 23 115
6 9 18
9 33 99
24 28 224
12 36 144
36 13 156
9 4 12
18 35 210
6 20 40
12 30 120
15 10 50
36 33 396
24 34 272
30 31 310
18 18 108
39 17 221
21 26 182
39 4 52
15 32 160
27 7 63
18 32 192
24 4 32
33 19 209
33 35 385
36 19 228
30 32 320
18 4 24
30 27 270
6 10 20
39 38 494
6 6 12
33 10 110
6 8 16
33 27 297
39 13 169
24 5 40
6 26 52
30 33 330
15 24 120
27 26 234
21 8 56
27 8 72
33 20 220
21 34 238
30 35 350
15 37 185
9 7 21
21 20 140
6 19 38
12 10 40
12 23 92
12 30 120
15 22 110
36 18 216
27 35 315
36 16 192
15 6 30
30 21 210
39 19 247
15 27 135
6 29 58
24 5 40
24 15 120
12 9 36
9 4 12
15 20 100
18 28 168
27 6 54
30 12 120
15 14 70
39 34 442
33 27 297
6 12 24
