100
15 16 80
18 6 36
33 5 55
36 34 408
36 10 120
33 14 154
27 28 252
12 32 128
30 15 150
6 10 20
33 10 110
18 13 78
36 7 84
27 12 108
6 17 34
9 28 84
15 28 140
24 15 120
24 30 240
33 17 187
6 5 10
36 17 204
27 30 270
30 24 240
18 23 138
27 9 81
12 13 52
15 37 185
15 29 145
21 12 84
9 25 75
36 15 180
18 29 174
21 12 84
9 23 69
15 15 75
6 8 16
15 30 150
6 26 52
15 19 95
15 25 125
21 6 42
39 15 195
15 35 175
33 28 308
6 9 18
39 24 312
36 13 156
21 16 112
24 27 216
15 26 130
30 7 70
33 16 176
24 16 128
33 21 231
15 12 60
30 19 190
9 28 84
39 31 403
36 26 312
21 8 56
33 31 341
30 38 380
9 34 102
36 5 60
9 30 90
27 32 288
9 28 84
24 26 208
12 13 52
27 18 162
9 23 69
24 31 248
27 10 90
21 14 98
24 8 64
9 6 18
36 21 252
9 7 21
18 9 54
30 24 240
12 26 104
15 32 160
9 4 12
30 27 270
24 33 264
33 22 242
30 15 150
18 22 132
21 19 133
30 5 50
18 16 96
12 36 144
21 31 217
9 17 51
9 16 48
30 38 380
36 26 312
9 31 93
24 24 192
