100
15 16 32
16 6 12
33 5 25
34 34 144
34 10 42
33 14 59
25 28 91
11 32 48
30 15 60
6 10 7
31 10 40
18 13 31
36 7 36
25 12 39
6 17 13
7 28 28
14 28 49
22 15 44
24 30 90
31 17 72
4 5 3
35 17 81
25 30 97
29 24 90
16 23 48
26 9 32
12 13 21
15 37 76
13 29 52
19 12 30
8 25 26
36 15 72
18 29 67
21 12 33
8 23 24
13 15 28
6 8 6
14 30 52
5 26 19
15 19 40
14 25 45
21 6 16
37 15 76
15 35 72
31 28 112
5 9 7
37 24 114
34 13 59
20 16 40
22 27 77
15 26 52
28 7 28
31 16 64
24 16 48
33 21 93
14 12 21
28 19 70
8 28 28
38 31 152
35 26 117
19 8 20
32 31 128
30 38 142
7 34 34
35 5 27
9 30 37
26 32 104
8 28 28
23 26 78
12 13 21
26 18 58
9 23 30
23 31 96
27 10 35
21 14 38
22 8 22
9 6 7
36 21 99
7 7 8
17 9 22
29 24 90
12 26 39
13 32 56
7 4 4
30 27 105
24 33 102
32 22 88
28 15 56
18 22 49
20 19 50
28 5 21
18 16 36
10 36 45
21 31 88
9 17 22
8 16 16
29 38 142
35 26 117
8 31 32
23 24 72
