100
21 7 22
7 9 10
29 35 135
37 13 66
38 25 123
16 30 60
17 26 58
38 33 161
11 30 45
35 5 27
22 8 22
24 9 30
7 33 34
5 38 28
28 4 14
16 24 48
38 5 28
38 14 66
8 26 26
9 32 40
21 16 44
38 35 171
22 35 99
30 18 67
20 13 35
5 31 24
10 28 35
15 23 48
6 9 7
8 33 34
22 28 77
12 36 54
35 13 63
7 4 4
18 35 81
6 20 15
12 30 45
14 10 17
34 33 144
24 34 102
30 31 120
18 18 40
37 17 85
19 26 65
38 4 19
13 32 56
25 7 26
17 32 72
22 4 11
33 19 85
33 35 153
34 19 85
29 32 120
18 4 9
28 27 98
4 10 5
37 38 180
5 6 4
32 10 40
4 8 4
31 27 112
37 13 66
22 5 16
4 26 13
30 33 127
13 24 42
25 26 84
19 8 20
25 8 26
32 20 80
21 34 93
28 35 126
13 37 66
8 7 8
20 20 50
6 19 15
10 10 12
11 23 36
10 30 37
15 22 44
36 18 81
26 35 117
34 16 68
14 6 10
29 21 82
37 19 95
14 27 49
6 29 22
23 5 18
24 15 48
12 9 15
7 4 4
13 20 35
18 28 63
26 6 19
29 12 45
14 14 24
38 34 161
33 27 119
5 12 9
