100
21 51 143
70 87 770
49 50 312
77 46 448
79 12 120
45 60 345
8 33 34
85 44 473
58 70 507
11 73 111
23 33 102
72 79 720
30 43 165
29 35 135
26 84 273
40 36 180
49 8 50
10 54 67
79 32 320
65 15 132
27 89 315
65 27 231
16 38 76
24 15 48
61 37 294
35 62 279
85 35 387
75 40 380
51 80 520
76 22 209
13 9 17
63 60 480
96 87 1056
25 74 240
37 17 85
29 11 45
49 6 37
48 52 312
38 35 171
79 17 180
9 94 117
20 8 20
94 32 376
8 24 24
8 10 10
77 89 877
50 23 150
29 12 45
88 25 286
81 29 307
36 70 315
38 8 38
56 71 504
18 4 9
85 89 967
79 53 540
49 59 375
54 15 108
56 46 322
57 72 522
93 72 846
29 16 60
82 80 820
11 72 108
50 57 362
57 53 391
47 90 540
40 14 70
70 42 367
79 11 120
42 49 262
51 18 117
98 62 759
43 66 363
34 22 93
11 33 51
74 14 129
89 49 562
91 27 322
21 31 88
85 21 236
88 92 1012
68 55 476
7 83 84
57 66 478
70 92 805
60 95 720
16 62 124
95 85 1032
85 26 279
79 19 200
91 15 184
14 73 129
13 8 14
18 71 162
4 66 33
71 62 558
36 36 162
30 48 180
84 77 819
