100
15 16 45
16 6 19
33 5 34
34 34 204
34 10 64
33 14 85
25 28 125
11 32 66
30 15 82
6 10 12
31 10 58
18 13 44
36 7 49
25 12 56
6 17 21
7 28 38
14 28 72
22 15 61
24 30 129
31 17 96
4 5 5
35 17 108
25 30 134
29 24 125
16 23 68
26 9 45
12 13 30
15 37 101
13 29 70
19 12 43
8 25 39
36 15 98
18 29 95
21 12 47
8 23 36
13 15 37
6 8 10
14 30 77
5 26 27
15 19 53
14 25 65
21 6 25
37 15 101
15 35 96
31 28 154
5 9 10
37 24 158
34 13 81
20 16 59
22 27 107
15 26 72
28 7 38
31 16 90
24 16 70
33 21 124
14 12 32
28 19 96
8 28 43
38 31 208
35 26 162
19 8 30
32 31 176
30 38 201
7 34 46
35 5 36
9 30 51
26 32 148
8 28 43
23 26 108
12 13 30
26 18 85
9 23 40
23 31 128
27 10 51
21 14 55
22 8 34
9 6 11
36 21 135
7 7 10
17 9 30
29 24 125
12 26 58
13 32 77
7 4 6
30 27 144
24 33 141
32 22 126
28 15 77
18 22 72
20 19 70
28 5 29
18 16 53
10 36 67
21 31 117
9 17 30
8 16 25
29 38 195
35 26 162
8 31 48
23 24 100
