100
21 7 29
7 9 13
29 35 180
37 13 88
38 25 169
16 30 87
17 26 81
38 33 221
11 30 62
35 5 36
22 8 34
24 9 41
7 33 45
5 38 39
28 4 24
16 24 70
38 5 39
38 14 97
8 26 40
9 32 55
21 16 62
38 35 234
22 35 138
30 18 98
20 13 49
5 31 32
10 28 53
15 23 64
6 9 11
8 33 51
22 28 111
12 36 80
35 13 84
7 4 6
18 35 114
6 20 24
12 30 67
14 10 27
34 33 198
24 34 145
30 31 165
18 18 60
37 17 114
19 26 90
38 4 32
13 32 77
25 7 34
17 32 99
22 4 19
33 19 113
33 35 204
34 19 116
29 32 165
18 4 15
28 27 135
4 10 9
37 38 247
5 6 7
32 10 60
4 8 7
31 27 149
37 13 88
22 5 23
4 26 22
30 33 175
13 24 58
25 26 117
19 8 30
25 8 39
32 20 115
21 34 128
28 35 174
13 37 88
8 7 12
20 20 73
6 19 23
10 10 20
11 23 48
10 30 56
15 22 61
36 18 117
26 35 162
34 16 99
14 6 17
29 21 110
37 19 126
14 27 70
6 29 35
23 5 24
24 15 66
12 9 21
7 4 6
13 20 49
18 28 91
26 6 31
29 12 65
14 14 37
38 34 227
33 27 158
5 12 13
