100
21 51 190
70 87 1041
49 50 425
77 46 611
79 12 173
45 60 467
8 33 51
85 44 645
58 70 698
11 73 148
23 33 136
72 79 973
30 43 227
29 35 180
26 84 382
40 36 252
49 8 75
10 54 100
79 32 440
65 15 176
27 89 420
65 27 308
16 38 110
24 15 66
61 37 392
35 62 378
85 35 516
75 40 519
51 80 702
76 22 295
13 9 23
63 60 650
96 87 1422
25 74 325
37 17 114
29 11 60
49 6 58
48 52 432
38 35 234
79 17 240
9 94 158
20 8 31
94 32 522
8 24 37
8 10 16
77 89 1170
50 23 204
29 12 65
88 25 385
81 29 410
36 70 437
38 8 58
56 71 684
18 4 15
85 89 1290
79 53 720
49 59 500
54 15 146
56 46 446
57 72 705
93 72 1143
29 16 85
82 80 1120
11 72 146
50 57 493
57 53 522
47 90 728
40 14 102
70 42 508
79 11 160
42 49 358
51 18 164
98 62 1039
43 66 491
34 22 134
11 33 68
74 14 187
89 49 750
91 27 429
21 31 117
85 21 315
88 92 1379
68 55 644
7 83 112
57 66 647
70 92 1100
60 95 976
16 62 178
95 85 1376
85 26 387
79 19 266
91 15 245
14 73 185
13 8 21
18 71 228
4 66 55
71 62 756
36 36 228
30 48 253
84 77 1105
