100
15 16
18 6
33 5
36 34
36 10
33 14
27 28
12 32
30 15
6 10
33 10
18 13
36 7
27 12
6 17
9 28
15 28
24 15
24 30
33 17
6 5
36 17
27 30
30 24
18 23
27 9
12 13
15 37
15 29
21 12
9 25
36 15
18 29
21 12
9 23
15 15
6 8
15 30
6 26
15 19
15 25
21 6
39 15
15 35
33 28
6 9
39 24
36 13
21 16
24 27
15 26
30 7
33 16
24 16
33 21
15 12
30 19
9 28
39 31
36 26
21 8
33 31
30 38
9 34
36 5
9 30
27 32
9 28
24 26
12 13
27 18
9 23
24 31
27 10
21 14
24 8
9 6
36 21
9 7
18 9
30 24
12 26
15 32
9 4
30 27
24 33
33 22
30 15
18 22
21 19
30 5
18 16
12 36
21 31
9 17
9 16
30 38
36 26
9 31
24 24
