100
21 7
9 9
30 35
39 13
39 25
18 30
18 26
39 33
12 30
36 5
24 8
24 9
9 33
6 38
30 4
18 24
39 5
39 14
9 26
9 32
21 16
39 35
24 35
30 18
21 13
6 31
12 28
15 23
6 9
9 33
24 28
12 36
36 13
9 4
18 35
6 20
12 30
15 10
36 33
24 34
30 31
18 18
39 17
21 26
39 4
15 32
27 7
18 32
24 4
33 19
33 35
36 19
30 32
18 4
30 27
6 10
39 38
6 6
33 10
6 8
33 27
39 13
24 5
6 26
30 33
15 24
27 26
21 8
27 8
33 20
21 34
30 35
15 37
9 7
21 20
6 19
12 10
12 23
12 30
15 22
36 18
27 35
36 16
15 6
30 21
39 19
15 27
6 29
24 5
24 15
12 9
9 4
15 20
18 28
27 6
30 12
15 14
39 34
33 27
6 12
