100
21 51
72 87
51 50
78 46
81 12
45 60
9 33
87 44
60 70
12 73
24 33
72 79
30 43
30 35
27 84
42 36
51 8
12 54
81 32
66 15
27 89
66 27
18 38
24 15
63 37
36 62
87 35
75 40
51 80
78 22
15 9
63 60
96 87
27 74
39 17
30 11
51 6
48 52
39 35
81 17
9 94
21 8
96 32
9 24
9 10
78 89
51 23
30 12
90 25
81 29
36 70
39 8
57 71
18 4
87 89
81 53
51 59
54 15
57 46
57 72
93 72
30 16
84 80
12 72
51 57
57 53
48 90
42 14
72 42
81 11
42 49
51 18
99 62
45 66
36 22
12 33
75 14
90 49
93 27
21 31
87 21
90 92
69 55
9 83
57 66
72 92
60 95
18 62
96 85
87 26
81 19
93 15
15 73
15 8
18 71
6 66
72 62
36 36
30 48
84 77
